0.000000	-0.000000	1200.000000	1200.000000	15.000000	15.000000	-0.227500	-0.227500
0.000000	-0.000000	2400.000000	2400.000000	15.000000	15.000000	-0.092500	-0.092500
0.000000	-0.000000	3600.000000	3600.000000	15.000000	15.000000	-0.032500	-0.032500
0.000000	-0.000000	4800.000000	4800.000000	15.000000	15.000000	0.027500	0.027500
0.000000	-0.000000	6000.000000	6000.000000	15.000000	15.000000	0.087500	0.087500
0.000000	-0.000000	7200.000000	7200.000000	15.000000	15.000000	0.147500	0.147500
0.000000	-0.000000	8400.000000	8400.000000	15.000000	15.000000	0.207500	0.207500
0.000000	-0.000000	9600.000000	9600.000000	15.000000	15.000000	0.267500	0.267500
0.000000	-0.000000	10800.000000	10800.000000	15.000000	15.000000	0.327500	0.327500
0.000000	0.981250	12000.000000	12000.000000	15.000000	15.000000	0.387500	0.387500
1.177500	2.355000	13200.000000	13121.500000	15.000000	14.018750	0.447500	0.462464
2.355000	3.532500	14305.800000	14133.100000	13.822500	12.645000	0.525457	0.534582
3.925000	4.513750	15317.400000	15050.500000	12.645000	11.467500	0.592816	0.596251
4.317500	4.906250	16203.400000	15889.400000	11.075000	10.486250	0.661451	0.651197
5.887500	6.868750	17058.000000	16696.900000	10.682500	10.093750	0.703887	0.694222
7.457500	8.438750	17787.000000	17347.400000	9.112500	8.131250	0.768597	0.762562
9.223750	10.401250	18390.400000	17872.300000	7.542500	6.561250	0.821139	0.809217
9.027500	9.616250	18852.500000	18240.200000	5.776250	4.598750	0.870395	0.857540
10.793750	12.363750	19330.300000	18670.900000	5.972500	5.383750	0.881676	0.854152
12.167500	13.148750	19666.800000	18881.800000	4.206250	2.636250	0.933482	0.921511
12.756250	13.933750	19893.400000	19029.900000	2.832500	1.851250	0.962426	0.930290
14.537037	16.087654	20072.900000	19115.200000	2.243750	1.066250	0.975865	0.945741
15.103797	15.501266	20109.937037	19028.187654	0.462963	-1.087654	1.000000	0.978928
15.307500	16.288750	20101.633240	18988.086388	-0.103797	-0.501266	1.000000	0.954865
16.092500	17.073750	20077.033240	18884.986388	-0.307500	-1.288750	1.000000	0.967801
15.503750	16.092500	19989.633240	18719.086388	-1.092500	-2.073750	1.000000	0.970680
15.896250	17.662500	19949.333240	18631.686388	-0.503750	-1.092500	1.000000	0.943496
16.485000	16.485000	19877.633240	18418.686388	-0.896250	-2.662500	1.000000	0.967975
15.506173	15.893827	19758.833240	18299.886388	-1.485000	-1.485000	1.000000	0.931518
16.296203	17.289873	19718.339412	18228.380216	-0.506173	-0.893827	0.989486	0.922450
15.118519	14.149383	19614.643210	18045.190342	-1.296203	-2.289873	1.000000	0.943120
15.503750	15.700000	19605.161728	18113.239725	-0.118519	0.850617	0.977309	0.879088
15.898734	14.110127	19564.861728	18057.239725	-0.503750	-0.700000	0.988598	0.921840
15.896250	15.111250	19492.962994	18128.429598	-0.898734	0.889873	0.990680	0.887041
15.700000	15.503750	19421.262994	18119.529598	-0.896250	-0.111250	0.985072	0.913817
15.700000	14.326250	19365.262994	18079.229598	-0.700000	-0.503750	0.978507	0.914352
15.111250	14.522500	19309.262994	18133.129598	-0.700000	0.673750	0.976688	0.892418
15.503750	15.111250	19300.362994	18171.329598	-0.111250	0.477500	0.964910	0.903993
15.111250	14.130000	19260.062994	18162.429598	-0.503750	-0.111250	0.973394	0.913901
14.718750	14.522500	19251.162994	18232.029598	-0.111250	0.870000	0.963431	0.895548
15.700000	15.111250	19273.662994	18270.229598	0.281250	0.477500	0.958963	0.909920
14.915000	14.718750	19217.662994	18261.329598	-0.700000	-0.111250	0.977014	0.918846
16.681250	16.681250	19224.462994	18283.829598	0.085000	0.281250	0.957337	0.909471
20.213750	20.410000	19089.962994	18149.329598	-1.681250	-1.681250	0.988537	0.942487
8.528395	8.334568	18672.862994	17716.529598	-5.213750	-5.410000	1.000000	0.982813
15.501266	16.494937	19190.591389	18249.764166	6.471605	6.665432	0.810132	0.758379
12.404938	13.374074	19150.490123	18130.169230	-0.501266	-1.494937	1.000000	0.969863
14.522500	15.700000	19358.095062	18260.243304	2.595062	1.625926	0.916693	0.875488
12.917722	13.911392	19396.295062	18204.243304	0.477500	-0.700000	0.974848	0.933067
15.118519	16.281481	19562.877340	18291.331911	2.082278	1.088608	0.941698	0.891361
22.456962	22.655696	19553.395859	18188.813393	-0.118519	-1.281481	0.991613	0.940802
5.887500	5.691250	18956.838897	17576.357697	-7.456962	-7.655696	1.000000	1.000000
16.092500	16.092500	19685.838897	18321.057697	9.112500	9.308750	0.772842	0.699831
13.541250	13.345000	19598.438897	18233.657697	-1.092500	-1.092500	1.000000	0.980507
12.363750	10.990000	19715.138897	18366.057697	1.458750	1.655000	0.953464	0.882232
15.307500	15.503750	19926.038897	18686.857697	2.636250	4.010000	0.954098	0.866675
14.326250	17.466250	19901.438897	18646.557697	-0.307500	-0.503750	1.000000	0.963325
14.326250	10.401250	19955.338897	18449.257697	0.673750	-2.466250	0.984510	0.968669
16.281481	17.638272	20009.238897	18817.157697	0.673750	4.598750	0.992111	0.841251
15.103797	14.706329	19906.720378	18606.095968	-1.281481	-2.638272	1.000000	1.000000
15.307500	15.111250	19898.416581	18629.589639	-0.103797	0.293671	0.991762	0.913885
17.073750	17.073750	19873.816581	18620.689639	-0.307500	-0.111250	1.000000	0.935894
16.087654	15.893827	19707.916581	18454.789639	-2.073750	-2.073750	1.000000	0.963353
14.905063	14.905063	19620.904235	18383.283466	-1.087654	-0.893827	0.992864	0.927252
15.700000	15.312346	19628.499172	18390.878403	0.094937	0.094937	0.975409	0.914497
16.494937	16.097468	19572.499172	18365.890749	-0.700000	-0.312346	0.993825	0.926032
13.737500	13.737500	19452.904235	18278.093280	-1.494937	-1.097468	0.999173	0.934719
16.681250	16.288750	19553.904235	18379.093280	1.262500	1.262500	0.947167	0.890414
14.343210	14.343210	19419.404235	18275.993280	-1.681250	-1.288750	1.000000	0.946171
17.289873	17.488608	19471.947445	18328.536490	0.656790	0.656790	0.953798	0.898590
13.541250	14.130000	19288.757571	18129.447882	-2.289873	-2.488608	1.000000	0.958912
15.503750	15.307500	19405.457571	18199.047882	1.458750	0.870000	0.931993	0.882012
14.326250	14.915000	19365.157571	18174.447882	-0.503750	-0.307500	0.986499	0.920242
14.915000	14.915000	19419.057571	18181.247882	0.673750	0.085000	0.956714	0.907139
15.111250	14.522500	19425.857571	18188.047882	0.085000	0.085000	0.974275	0.909441
16.475309	17.250617	19416.957571	18226.247882	-0.111250	0.477500	0.974664	0.903796
14.308861	13.315190	19298.932880	18046.198500	-1.475309	-2.250617	0.994040	0.949272
14.130000	14.326250	19354.224019	18180.983310	0.691139	1.684810	0.948280	0.866613
16.092500	15.111250	19423.824019	18234.883310	0.870000	0.673750	0.959149	0.908449
15.307500	14.915000	19336.424019	18225.983310	-1.092500	-0.111250	0.993452	0.918059
16.092500	16.877500	19311.824019	18232.783310	-0.307500	0.085000	0.967298	0.910697
13.737500	12.756250	19224.424019	18082.583310	-1.092500	-1.877500	0.981964	0.941946
14.522500	13.737500	19325.424019	18262.083310	1.262500	2.243750	0.937756	0.861774
14.718750	14.130000	19363.624019	18363.083310	0.477500	1.262500	0.966552	0.906320
14.718750	14.326250	19386.124019	18432.683310	0.281250	0.870000	0.967530	0.912449
15.307500	15.307500	19408.624019	18486.583310	0.281250	0.673750	0.967673	0.916959
14.326250	14.915000	19384.024019	18461.983310	-0.307500	-0.307500	0.977777	0.933637
15.111250	15.111250	19437.924019	18468.783310	0.673750	0.085000	0.958639	0.921515
15.896250	16.288750	19429.024019	18459.883310	-0.111250	-0.111250	0.978212	0.926811
13.955556	14.149383	19357.324019	18356.783310	-0.896250	-1.288750	0.985813	0.943341
16.097468	16.494937	19440.879575	18424.832693	1.044444	0.850617	0.948707	0.899674
15.307500	15.503750	19353.082107	18305.237756	-1.097468	-1.494937	0.995253	0.949543
14.343210	14.537037	19328.482107	18264.937756	-0.307500	-0.503750	0.968106	0.916719
14.915000	15.700000	19381.025316	18301.974793	0.656790	0.462963	0.956121	0.904918
15.898734	15.501266	19387.825316	18245.974793	0.085000	-0.700000	0.972289	0.929339
14.130000	14.130000	19315.926582	18205.873527	-0.898734	-0.501266	0.984772	0.917693
15.700000	15.700000	19385.526582	18275.473527	0.870000	0.870000	0.949285	0.895770
14.915000	14.915000	19329.526582	18219.473527	-0.700000	-0.700000	0.985551	0.930049
15.503750	15.307500	19336.326582	18226.273527	0.085000	0.085000	0.962930	0.907427
14.522500	14.915000	19296.026582	18201.673527	-0.503750	-0.307500	0.976174	0.917678
14.718750	14.326250	19334.226582	18208.473527	0.477500	0.085000	0.956251	0.908500
14.915000	14.718750	19356.726582	18262.373527	0.281250	0.673750	0.966060	0.901824
14.718750	15.111250	19363.526582	18284.873527	0.085000	0.281250	0.969196	0.913448
15.111250	14.915000	19386.026582	18275.973527	0.281250	-0.111250	0.965562	0.918596
15.700000	16.485000	19377.126582	18282.773527	-0.111250	0.085000	0.973654	0.913196
14.522500	14.130000	19321.126582	18163.973527	-0.700000	-1.485000	0.980225	0.938460
15.111250	14.915000	19359.326582	18233.573527	0.477500	0.870000	0.956524	0.888756
14.149383	14.730864	19350.426582	18240.373527	-0.111250	0.085000	0.973300	0.915982
15.103797	15.302532	19418.475965	18261.904391	0.850617	0.269136	0.955243	0.909589
16.288750	17.858750	19410.172168	18237.701860	-0.103797	-0.302532	0.978010	0.920305
13.541250	11.971250	19307.072168	18009.001860	-1.288750	-2.858750	0.990893	0.955218
15.307500	16.288750	19423.772168	18251.301860	1.458750	3.028750	0.937914	0.841218
14.915000	14.326250	19399.172168	18148.201860	-0.307500	-1.288750	0.984422	0.948612
14.522500	14.130000	19405.972168	18202.101860	0.085000	0.673750	0.968375	0.891942
14.915000	15.307500	19444.172168	18271.701860	0.477500	0.870000	0.964692	0.901456
14.522500	14.522500	19450.972168	18247.101860	0.085000	-0.307500	0.974550	0.923874
15.111250	14.915000	19489.172168	18285.301860	0.477500	0.477500	0.966942	0.904786
15.111250	15.307500	19480.272168	18292.101860	-0.111250	0.085000	0.979793	0.916606
14.522500	14.522500	19471.372168	18267.501860	-0.111250	-0.307500	0.976404	0.920969
15.111250	15.307500	19509.572168	18305.701860	0.477500	0.477500	0.966980	0.905806
15.503750	15.896250	19500.672168	18281.101860	-0.111250	-0.307500	0.980813	0.923612
14.343210	14.149383	19460.372168	18209.401860	-0.503750	-0.896250	0.983410	0.927435
16.693671	16.693671	19512.915377	18277.451242	0.656790	0.850617	0.961734	0.894267
13.737500	13.933750	19377.421707	18141.957571	-1.693671	-1.693671	1.000000	0.945204
15.111250	15.503750	19478.421707	18227.257571	1.262500	1.066250	0.942400	0.883619
15.503750	14.915000	19469.521707	18186.957571	-0.111250	-0.503750	0.983180	0.925626
14.915000	14.915000	19429.221707	18193.757571	-0.503750	0.085000	0.981852	0.906783
14.915000	14.718750	19436.021707	18200.557571	0.085000	0.085000	0.968896	0.910067
15.111250	14.915000	19442.821707	18223.057571	0.085000	0.281250	0.972180	0.907414
15.307500	15.111250	19433.921707	18229.857571	-0.111250	0.085000	0.975513	0.912513
14.718750	14.326250	19409.321707	18220.957571	-0.307500	-0.111250	0.977079	0.914864
16.092500	15.896250	19431.821707	18274.857571	0.281250	0.673750	0.965890	0.901467
13.737500	13.933750	19344.421707	18203.157571	-1.092500	-0.896250	0.990908	0.932029
15.700000	15.700000	19445.421707	18288.457571	1.262500	1.066250	0.943755	0.890666
14.730864	15.312346	19389.421707	18232.457571	-0.700000	-0.700000	0.990509	0.931679
15.111250	14.522500	19410.952571	18207.469917	0.269136	-0.312346	0.963117	0.914136
14.905063	17.886076	19402.052571	18245.669917	-0.111250	0.477500	0.974840	0.902780
14.915000	12.560000	19409.647507	18014.783841	0.094937	-2.886076	0.969349	0.959934
15.307500	15.700000	19416.447507	18209.983841	0.085000	2.440000	0.970911	0.850349
14.522500	14.522500	19391.847507	18153.983841	-0.307500	-0.700000	0.977187	0.934624
16.092500	16.092500	19430.047507	18192.183841	0.477500	0.477500	0.962023	0.898167
14.522500	14.915000	19342.647507	18104.783841	-1.092500	-1.092500	0.991801	0.929907
15.111250	14.522500	19380.847507	18111.583841	0.477500	0.085000	0.955638	0.899730
17.638272	17.638272	19371.947507	18149.783841	-0.111250	0.477500	0.974376	0.899972
11.526582	12.122785	19160.885779	17938.722113	-2.638272	-2.638272	1.000000	0.951360
15.307500	15.896250	19438.759197	18168.899328	3.473418	2.877215	0.893133	0.841117
14.149383	13.374074	19414.159197	18097.199328	-0.307500	-0.896250	0.995244	0.937749
14.507595	14.308861	19482.208579	18227.273402	0.850617	1.625926	0.957449	0.876833
16.288750	16.092500	19521.600985	18282.564541	0.492405	0.691139	0.972104	0.910203
13.933750	13.148750	19418.500985	18195.164541	-1.288750	-1.092500	0.999446	0.935495
22.568750	26.493750	19503.800985	18343.264541	1.066250	1.851250	0.949471	0.877314
8.215116	5.111628	18898.300985	17423.764541	-7.568750	-11.493750	1.000000	1.000000
15.490667	15.909333	19441.091682	18214.834309	6.784884	9.888372	0.804852	0.664172
12.718987	13.315190	19401.838349	18142.087642	-0.490667	-0.909333	1.000000	0.975301
14.343210	16.475309	19584.319362	18276.872452	2.281013	1.684810	0.934103	0.878114
13.513924	12.321519	19636.862571	18158.847761	0.656790	-1.475309	0.981855	0.946016
14.915000	16.877500	19755.748647	18373.126242	1.486076	2.678481	0.963714	0.860969
15.307500	21.783750	19762.548647	18222.926242	0.085000	-1.877500	0.995172	0.961931
14.130000	6.083750	19737.948647	17680.226242	-0.307500	-6.783750	0.994492	1.000000
15.307500	16.288750	19807.548647	18393.526242	0.870000	8.916250	0.973342	0.715370
15.307500	12.952500	19782.948647	18290.426242	-0.307500	-1.288750	1.000000	0.985161
15.700000	13.933750	19758.348647	18454.226242	-0.307500	2.047500	0.993549	0.878103
15.307500	15.111250	19702.348647	18539.526242	-0.700000	1.066250	0.998305	0.917938
16.288750	15.503750	19677.748647	18530.626242	-0.307500	-0.111250	0.987557	0.935254
14.924691	15.118519	19574.648647	18490.326242	-1.288750	-0.503750	1.000000	0.934907
15.898734	16.097468	19580.673339	18480.844760	0.075309	-0.118519	0.972390	0.925055
15.307500	16.288750	19508.774605	18393.047292	-0.898734	-1.097468	0.994366	0.941436
15.896250	15.700000	19484.174605	18289.947292	-0.307500	-1.288750	0.976884	0.935068
14.915000	15.307500	19412.474605	18233.947292	-0.896250	-0.700000	0.987589	0.919979
15.896250	16.288750	19419.274605	18209.347292	0.085000	-0.307500	0.966096	0.914137
15.111250	14.915000	19347.574605	18106.247292	-0.896250	-1.288750	0.986307	0.929833
14.718750	14.718750	19338.674605	18113.047292	-0.111250	0.085000	0.965844	0.898822
15.700000	15.503750	19361.174605	18135.547292	0.281250	0.281250	0.963338	0.903038
14.343210	13.955556	19305.174605	18095.247292	-0.700000	-0.503750	0.981390	0.917116
16.296203	16.892405	19357.717814	18178.802848	0.656790	1.044444	0.952993	0.887566
14.522500	13.737500	19254.021612	18027.410443	-1.296203	-1.892405	0.992187	0.944272
13.955556	14.149383	19292.221612	18128.410443	0.477500	1.262500	0.950188	0.873905
