0.000000	-0.000000	-400.000000	-400.000000	-5.000000	-5.000000	0.077500	0.077500
0.000000	-0.000000	-800.000000	-800.000000	-5.000000	-5.000000	0.032500	0.032500
0.000000	-0.000000	-1200.000000	-1200.000000	-5.000000	-5.000000	0.012500	0.012500
0.000000	-0.000000	-1600.000000	-1600.000000	-5.000000	-5.000000	-0.007500	-0.007500
0.000000	-0.000000	-2000.000000	-2000.000000	-5.000000	-5.000000	-0.027500	-0.027500
0.000000	-0.000000	-2400.000000	-2400.000000	-5.000000	-5.000000	-0.047500	-0.047500
0.000000	-0.000000	-2800.000000	-2800.000000	-5.000000	-5.000000	-0.067500	-0.067500
0.000000	-0.000000	-3200.000000	-3200.000000	-5.000000	-5.000000	-0.087500	-0.087500
0.000000	-0.000000	-3600.000000	-3600.000000	-5.000000	-5.000000	-0.107500	-0.107500
0.000000	-0.000000	-4000.000000	-4000.000000	-5.000000	-5.000000	-0.127500	-0.127500
0.000000	-0.000000	-4400.000000	-4400.000000	-5.000000	-5.000000	-0.147500	-0.147500
0.000000	-0.000000	-4800.000000	-4800.000000	-5.000000	-5.000000	-0.167500	-0.167500
0.000000	-0.000000	-5200.000000	-5200.000000	-5.000000	-5.000000	-0.187500	-0.187500
0.000000	-0.000000	-5600.000000	-5600.000000	-5.000000	-5.000000	-0.207500	-0.207500
0.000000	-0.000000	-6000.000000	-6000.000000	-5.000000	-5.000000	-0.227500	-0.227500
0.000000	-0.000000	-6400.000000	-6400.000000	-5.000000	-5.000000	-0.247500	-0.247500
0.000000	-0.000000	-6800.000000	-6800.000000	-5.000000	-5.000000	-0.267500	-0.267500
0.000000	-0.000000	-7200.000000	-7200.000000	-5.000000	-5.000000	-0.287500	-0.287500
0.000000	-0.000000	-7600.000000	-7600.000000	-5.000000	-5.000000	-0.307500	-0.307500
0.000000	-0.000000	-8000.000000	-8000.000000	-5.000000	-5.000000	-0.327500	-0.327500
0.000000	-0.000000	-8400.000000	-8400.000000	-5.000000	-5.000000	-0.347500	-0.347500
0.000000	-0.969136	-8800.000000	-8800.000000	-5.000000	-5.000000	-0.367500	-0.367500
0.000000	-1.788608	-9200.000000	-9122.469136	-5.000000	-4.030864	-0.387500	-0.402279
0.000000	-2.158750	-9600.000000	-9379.380528	-5.000000	-3.211392	-0.407500	-0.426054
0.000000	-2.943750	-10000.000000	-9606.680528	-5.000000	-2.841250	-0.427500	-0.440447
-1.962500	-2.355000	-10400.000000	-9771.180528	-5.000000	-2.056250	-0.447500	-0.461932
-2.551250	-2.747500	-10643.000000	-9982.780528	-3.037500	-2.645000	-0.497428	-0.457254
-3.336250	-3.140000	-10838.900000	-10162.980528	-2.448750	-2.252500	-0.508744	-0.476763
-3.925000	-3.336250	-10972.000000	-10311.780528	-1.663750	-1.860000	-0.527567	-0.489797
-3.925000	-3.532500	-11058.000000	-10444.880528	-1.075000	-1.663750	-0.539275	-0.498267
-6.280000	-4.906250	-11144.000000	-10562.280528	-1.075000	-1.467500	-0.540631	-0.506933
-3.532500	-2.747500	-11041.600000	-10569.780528	1.280000	-0.093750	-0.580845	-0.532772
-4.317500	-3.728750	-11159.000000	-10749.980528	-1.467500	-2.252500	-0.522051	-0.493357
-4.710000	-3.728750	-11213.600000	-10851.680528	-0.682500	-1.271250	-0.553629	-0.528125
-4.710000	-3.925000	-11236.800000	-10953.380528	-0.290000	-1.271250	-0.558420	-0.528304
-4.651852	-4.264198	-11260.000000	-11039.380528	-0.290000	-1.075000	-0.557618	-0.536382
-4.769620	-4.372152	-11287.851852	-11098.244726	-0.348148	-0.735802	-0.557891	-0.544873
-6.476250	-5.691250	-11306.282232	-11148.472574	-0.230380	-0.627848	-0.561370	-0.547767
-3.336250	-3.140000	-11188.182232	-11093.172574	1.476250	0.691250	-0.587729	-0.569854
-5.495000	-4.906250	-11321.282232	-11241.972574	-1.663750	-1.860000	-0.525406	-0.521587
-5.495000	-4.710000	-11281.682232	-11249.472574	0.495000	-0.093750	-0.580682	-0.568719
-4.317500	-4.121250	-11242.082232	-11272.672574	0.495000	-0.290000	-0.567908	-0.557270
-4.710000	-4.513750	-11296.682232	-11342.972574	-0.682500	-0.878750	-0.547971	-0.550433
-5.298750	-4.710000	-11319.882232	-11381.872574	-0.290000	-0.486250	-0.562574	-0.562877
-4.710000	-4.906250	-11295.982232	-11405.072574	0.298750	-0.290000	-0.570750	-0.565852
-4.906250	-4.513750	-11319.182232	-11412.572574	-0.290000	-0.093750	-0.557633	-0.569024
-5.102500	-4.906250	-11326.682232	-11451.472574	-0.093750	-0.486250	-0.564729	-0.562432
-4.906250	-4.710000	-11318.482232	-11458.972574	0.102500	-0.093750	-0.567116	-0.572325
-5.102500	-5.298750	-11325.982232	-11482.172574	-0.093750	-0.290000	-0.562732	-0.567745
-4.906250	-4.710000	-11317.782232	-11458.272574	0.102500	0.298750	-0.567081	-0.578865
-5.102500	-5.298750	-11325.282232	-11481.472574	-0.093750	-0.290000	-0.562697	-0.565747
-4.906250	-4.513750	-11317.082232	-11457.572574	0.102500	0.298750	-0.567046	-0.578830
-4.906250	-5.298750	-11324.582232	-11496.472574	-0.093750	-0.486250	-0.562662	-0.562720
-5.298750	-5.298750	-11332.082232	-11472.572574	-0.093750	0.298750	-0.564018	-0.580561
-4.906250	-4.317500	-11308.182232	-11448.672574	0.298750	0.298750	-0.570379	-0.575441
-5.495000	-5.691250	-11315.682232	-11503.272574	-0.093750	-0.682500	-0.561236	-0.559282
-4.651852	-4.845679	-11276.082232	-11447.972574	0.495000	0.691250	-0.572552	-0.587868
-5.167089	-4.769620	-11303.934083	-11460.318253	-0.348148	-0.154321	-0.554770	-0.565339
-4.906250	-4.906250	-11290.566995	-11478.748633	0.167089	-0.230380	-0.568236	-0.569024
-5.298750	-4.906250	-11298.066995	-11486.248633	-0.093750	-0.093750	-0.561013	-0.572410
-5.427160	-5.427160	-11274.166995	-11493.748633	0.298750	-0.093750	-0.568678	-0.572101
-4.769620	-4.769620	-11239.994155	-11459.575793	0.427160	0.427160	-0.567479	-0.580420
-4.710000	-4.710000	-11258.424535	-11478.006173	-0.230380	-0.230380	-0.555101	-0.566080
-4.710000	-4.906250	-11281.624535	-11501.206173	-0.290000	-0.290000	-0.558401	-0.569380
-5.774713	-5.413793	-11304.824535	-11508.706173	-0.290000	-0.093750	-0.559859	-0.573831
-5.376712	-5.806849	-11242.847524	-11475.602725	0.774713	0.413793	-0.577256	-0.580964
-4.121250	-3.728750	-11212.710537	-11411.054779	0.376712	0.806849	-0.562764	-0.582766
-4.906250	-5.102500	-11283.010537	-11512.754779	-0.878750	-1.271250	-0.544101	-0.545882
-4.906250	-4.710000	-11290.510537	-11504.554779	-0.093750	0.102500	-0.565865	-0.582307
-5.102500	-5.102500	-11298.010537	-11527.754779	-0.093750	-0.290000	-0.562315	-0.569043
-4.710000	-4.906250	-11289.810537	-11519.554779	0.102500	0.102500	-0.565682	-0.578151
-5.102500	-4.906250	-11313.010537	-11527.054779	-0.290000	-0.093750	-0.558306	-0.572786
-4.651852	-5.039506	-11304.810537	-11534.554779	0.102500	-0.093750	-0.567414	-0.574142
-5.102500	-4.906250	-11332.662389	-11531.394286	-0.348148	0.039506	-0.558169	-0.576549
-5.102500	-5.102500	-11324.462389	-11538.894286	0.102500	-0.093750	-0.568687	-0.573692
-5.962025	-6.160759	-11316.262389	-11530.694286	0.102500	0.102500	-0.566024	-0.577727
-4.317500	-4.121250	-11239.300364	-11437.833526	0.962025	1.160759	-0.578722	-0.592474
-4.710000	-4.513750	-11293.900364	-11508.133526	-0.682500	-0.878750	-0.545497	-0.551437
-5.814815	-5.427160	-11317.100364	-11547.033526	-0.290000	-0.486250	-0.562435	-0.571135
-5.167089	-4.968354	-11251.915179	-11512.860687	0.814815	0.427160	-0.578481	-0.585047
-4.317500	-4.513750	-11238.548090	-11515.392332	0.167089	-0.031646	-0.559820	-0.571775
-6.083750	-6.083750	-11293.148090	-11554.292332	-0.682500	-0.486250	-0.549434	-0.567263
-3.728750	-3.925000	-11206.448090	-11467.592332	1.083750	1.083750	-0.583347	-0.595423
-5.102500	-4.906250	-11308.148090	-11553.592332	-1.271250	-1.075000	-0.534267	-0.550317
-5.102500	-4.906250	-11299.948090	-11561.092332	0.102500	-0.093750	-0.572077	-0.580375
-4.906250	-5.298750	-11291.748090	-11568.592332	0.102500	-0.093750	-0.564798	-0.575844
-4.906250	-4.710000	-11299.248090	-11544.692332	-0.093750	0.298750	-0.561395	-0.582204
-5.102500	-5.102500	-11306.748090	-11567.892332	-0.093750	-0.290000	-0.562751	-0.570068
-4.710000	-5.102500	-11298.548090	-11559.692332	0.102500	0.102500	-0.566119	-0.580158
-5.102500	-4.710000	-11321.748090	-11551.492332	-0.290000	0.102500	-0.558742	-0.577785
-5.102500	-5.298750	-11313.548090	-11574.692332	0.102500	-0.290000	-0.567851	-0.571390
-5.039506	-4.845679	-11305.348090	-11550.792332	0.102500	0.298750	-0.565478	-0.583491
-4.968354	-5.365823	-11302.187596	-11563.138011	0.039506	-0.154321	-0.564107	-0.572442
-4.906250	-4.710000	-11304.719242	-11533.872188	-0.031646	0.365823	-0.563179	-0.583257
-5.233333	-5.427160	-11312.219242	-11557.072188	-0.093750	-0.290000	-0.562715	-0.569192
-4.769620	-4.769620	-11293.552575	-11522.899349	0.233333	0.427160	-0.568388	-0.584568
-5.102500	-5.102500	-11311.982955	-11541.329729	-0.230380	-0.230380	-0.558748	-0.569246
-4.906250	-4.906250	-11303.782955	-11533.129729	0.102500	0.102500	-0.567064	-0.578532
-5.102500	-5.102500	-11311.282955	-11540.629729	-0.093750	-0.093750	-0.561997	-0.573464
-5.102500	-5.298750	-11303.082955	-11532.429729	0.102500	0.102500	-0.566346	-0.577813
-5.102500	-5.102500	-11294.882955	-11508.529729	0.102500	0.298750	-0.564955	-0.579415
-4.651852	-4.651852	-11286.682955	-11500.329729	0.102500	0.102500	-0.564545	-0.574246
-5.167089	-5.167089	-11314.534807	-11528.181580	-0.348148	-0.348148	-0.557262	-0.567945
-5.039506	-4.845679	-11301.167718	-11514.814492	0.167089	0.167089	-0.568766	-0.579448
-5.102500	-4.906250	-11298.007224	-11527.160171	0.039506	-0.154321	-0.563575	-0.571302
-5.167089	-4.769620	-11289.807224	-11534.660171	0.102500	-0.093750	-0.565016	-0.574450
-4.906250	-4.906250	-11276.440136	-11553.090551	0.167089	-0.230380	-0.565276	-0.572438
-5.298750	-5.298750	-11283.940136	-11560.590551	-0.093750	-0.093750	-0.560307	-0.576127
-4.710000	-4.513750	-11260.040136	-11536.690551	0.298750	0.298750	-0.567972	-0.581804
-4.906250	-5.102500	-11283.240136	-11575.590551	-0.290000	-0.486250	-0.555836	-0.566675
-4.906250	-4.906250	-11290.740136	-11567.390551	-0.093750	0.102500	-0.562932	-0.581524
-4.906250	-4.906250	-11298.240136	-11574.890551	-0.093750	-0.093750	-0.562326	-0.575177
-5.233333	-5.427160	-11305.740136	-11582.390551	-0.093750	-0.093750	-0.562701	-0.576534
-4.968354	-4.769620	-11287.073469	-11548.217711	0.233333	0.427160	-0.568064	-0.584852
-5.039506	-5.233333	-11289.605115	-11566.648091	-0.031646	-0.230380	-0.561454	-0.570512
-4.769620	-4.968354	-11286.444621	-11547.981424	0.039506	0.233333	-0.563991	-0.581793
-5.102500	-4.906250	-11304.875000	-11550.513070	-0.230380	-0.031646	-0.559361	-0.574500
-4.906250	-5.298750	-11296.675000	-11558.013070	0.102500	-0.093750	-0.566709	-0.575004
-5.102500	-4.906250	-11304.175000	-11534.113070	-0.093750	0.298750	-0.561642	-0.581675
-5.887500	-6.280000	-11295.975000	-11541.613070	0.102500	-0.093750	-0.565991	-0.572532
-4.513750	-4.121250	-11224.975000	-11439.213070	0.887500	1.280000	-0.576571	-0.595819
-4.710000	-4.906250	-11263.875000	-11509.513070	-0.486250	-0.878750	-0.548146	-0.550910
-4.906250	-5.887500	-11287.075000	-11517.013070	-0.290000	-0.093750	-0.559953	-0.577190
-5.691250	-4.710000	-11294.575000	-11446.013070	-0.093750	0.887500	-0.563124	-0.588604
-3.925000	-3.925000	-11239.275000	-11469.213070	0.691250	-0.290000	-0.574489	-0.562191
-5.102500	-4.906250	-11325.275000	-11555.213070	-1.075000	-1.075000	-0.540864	-0.557267
-5.298750	-5.298750	-11317.075000	-11562.713070	0.102500	-0.093750	-0.571952	-0.580456
-5.298750	-5.298750	-11293.175000	-11538.813070	0.298750	0.298750	-0.568647	-0.581910
-5.620988	-5.620988	-11269.275000	-11514.913070	0.298750	0.298750	-0.566471	-0.578753
-4.372152	-4.372152	-11219.595988	-11465.234057	0.620988	0.620988	-0.570190	-0.582472
-4.651852	-4.651852	-11269.823836	-11515.461905	-0.627848	-0.627848	-0.547050	-0.559332
-4.710000	-5.102500	-11297.675688	-11543.313757	-0.348148	-0.348148	-0.560071	-0.572353
-5.102500	-5.102500	-11320.875688	-11535.113757	-0.290000	0.102500	-0.560952	-0.579220
-4.769620	-4.769620	-11312.675688	-11526.913757	0.102500	0.102500	-0.567807	-0.576556
-4.710000	-5.102500	-11331.106068	-11545.344137	-0.230380	-0.230380	-0.560358	-0.571070
-5.298750	-4.906250	-11354.306068	-11537.144137	-0.290000	0.102500	-0.562035	-0.578732
-4.906250	-4.906250	-11330.406068	-11544.644137	0.298750	-0.093750	-0.572471	-0.573665
-5.298750	-5.298750	-11337.906068	-11552.144137	-0.093750	-0.093750	-0.562347	-0.575021
-5.495000	-6.083750	-11314.006068	-11528.244137	0.298750	0.298750	-0.570670	-0.581382
-4.710000	-4.317500	-11274.406068	-11441.544137	0.495000	1.083750	-0.570505	-0.590196
-5.298750	-5.495000	-11297.606068	-11496.144137	-0.290000	-0.682500	-0.555573	-0.555000
-4.710000	-4.710000	-11273.706068	-11456.544137	0.298750	0.495000	-0.569636	-0.584518
-4.710000	-4.710000	-11296.906068	-11479.744137	-0.290000	-0.290000	-0.556519	-0.564680
-5.102500	-5.102500	-11320.106068	-11502.944137	-0.290000	-0.290000	-0.560623	-0.569765
-5.233333	-5.233333	-11311.906068	-11494.744137	0.102500	0.102500	-0.567768	-0.576910
-4.906250	-5.102500	-11293.239401	-11476.077470	0.233333	0.233333	-0.567391	-0.576533
-4.968354	-4.968354	-11300.739401	-11467.877470	-0.093750	0.102500	-0.560816	-0.572950
-4.651852	-4.845679	-11303.271047	-11470.409116	-0.031646	-0.031646	-0.563773	-0.571149
-4.769620	-4.570886	-11331.122899	-11482.754795	-0.348148	-0.154321	-0.558763	-0.570075
-4.906250	-5.102500	-11349.553278	-11517.083909	-0.230380	-0.429114	-0.563534	-0.567115
-5.102500	-5.691250	-11357.053278	-11508.883909	-0.093750	0.102500	-0.565950	-0.578313
-5.102500	-4.513750	-11348.853278	-11453.583909	0.102500	0.691250	-0.568635	-0.584223
-4.710000	-4.906250	-11340.653278	-11492.483909	0.102500	-0.486250	-0.567243	-0.560558
-5.102500	-5.298750	-11363.853278	-11499.983909	-0.290000	-0.093750	-0.560848	-0.574376
-4.710000	-4.710000	-11355.653278	-11476.083909	0.102500	0.298750	-0.569956	-0.578774
-5.298750	-5.102500	-11378.853278	-11499.283909	-0.290000	-0.290000	-0.561598	-0.566638
-4.710000	-4.710000	-11354.953278	-11491.083909	0.298750	0.102500	-0.573699	-0.576727
-5.298750	-4.906250	-11378.153278	-11514.283909	-0.290000	-0.290000	-0.560581	-0.568369
-5.298750	-5.495000	-11354.253278	-11521.783909	0.298750	-0.093750	-0.573664	-0.574485
-4.845679	-4.845679	-11330.353278	-11482.183909	0.298750	0.495000	-0.569525	-0.582857
-4.968354	-4.769620	-11342.698957	-11494.529588	-0.154321	-0.154321	-0.561421	-0.568031
-5.233333	-5.427160	-11345.230603	-11512.959968	-0.031646	-0.230380	-0.566174	-0.570735
-4.769620	-4.570886	-11326.563936	-11478.787128	0.233333	0.427160	-0.569728	-0.582064
-4.845679	-5.233333	-11344.994316	-11513.116242	-0.230380	-0.429114	-0.560398	-0.564010
-5.298750	-4.906250	-11357.339995	-11494.449575	-0.154321	0.233333	-0.564798	-0.580110
-4.769620	-5.365823	-11333.439995	-11501.949575	0.298750	-0.093750	-0.571945	-0.570876
-5.102500	-5.102500	-11351.870375	-11472.683753	-0.230380	0.365823	-0.560415	-0.579895
-5.102500	-5.102500	-11343.670375	-11464.483753	0.102500	0.102500	-0.569059	-0.572118
-4.710000	-4.710000	-11335.470375	-11456.283753	0.102500	0.102500	-0.566984	-0.573025
-5.298750	-5.102500	-11358.670375	-11479.483753	-0.290000	-0.290000	-0.560589	-0.566629
-4.710000	-4.710000	-11334.770375	-11471.283753	0.298750	0.102500	-0.572689	-0.575737
-6.280000	-6.476250	-11357.970375	-11494.483753	-0.290000	-0.290000	-0.559572	-0.567379
-5.233333	-4.845679	-11255.570375	-11376.383753	1.280000	1.476250	-0.587619	-0.597437
-3.577215	-3.974684	-11236.903708	-11388.729432	0.233333	-0.154321	-0.558687	-0.557835
-5.102500	-4.906250	-11350.726493	-11470.754748	-1.422785	-1.025316	-0.537731	-0.553322
-5.102500	-4.710000	-11342.526493	-11478.254748	0.102500	-0.093750	-0.574963	-0.575985
-5.495000	-5.495000	-11334.326493	-11501.454748	0.102500	-0.290000	-0.566927	-0.568709
-4.313187	-4.313187	-11294.726493	-11461.854748	0.495000	0.495000	-0.572503	-0.582821
-5.233333	-5.233333	-11349.671548	-11516.799803	-0.686813	-0.686813	-0.550537	-0.558894
-4.906250	-4.906250	-11331.004881	-11498.133136	0.233333	0.233333	-0.573226	-0.581582
-4.906250	-5.102500	-11338.504881	-11505.633136	-0.093750	-0.093750	-0.562704	-0.571060
-5.102500	-5.102500	-11346.004881	-11497.433136	-0.093750	0.102500	-0.564714	-0.576064
