0.000000	-0.000000	-1200.000000	-1200.000000	-15.000000	-15.000000	0.230000	0.230000
0.000000	-0.000000	-2400.000000	-2400.000000	-15.000000	-15.000000	0.095000	0.095000
0.000000	-0.000000	-3600.000000	-3600.000000	-15.000000	-15.000000	0.035000	0.035000
0.000000	-0.000000	-4800.000000	-4800.000000	-15.000000	-15.000000	-0.025000	-0.025000
0.000000	-0.000000	-6000.000000	-6000.000000	-15.000000	-15.000000	-0.085000	-0.085000
0.000000	-0.000000	-7200.000000	-7200.000000	-15.000000	-15.000000	-0.145000	-0.145000
0.000000	-0.000000	-8400.000000	-8400.000000	-15.000000	-15.000000	-0.205000	-0.205000
0.000000	-0.000000	-9600.000000	-9600.000000	-15.000000	-15.000000	-0.265000	-0.265000
0.000000	-0.000000	-10800.000000	-10800.000000	-15.000000	-15.000000	-0.325000	-0.325000
0.000000	-0.000000	-12000.000000	-12000.000000	-15.000000	-15.000000	-0.385000	-0.385000
-0.198734	-1.192405	-13200.000000	-13200.000000	-15.000000	-15.000000	-0.445000	-0.445000
-2.158750	-2.355000	-14384.101266	-14304.607595	-14.801266	-13.807595	-0.508031	-0.523184
-3.140000	-3.728750	-15411.401266	-15316.207595	-12.841250	-12.645000	-0.596132	-0.590182
-4.710000	-4.710000	-16360.201266	-16217.907595	-11.860000	-11.271250	-0.652661	-0.655899
-6.280000	-6.280000	-17183.401266	-17041.107595	-10.290000	-10.290000	-0.719138	-0.709079
-7.457500	-7.653750	-17881.001266	-17738.707595	-8.720000	-8.720000	-0.776390	-0.769275
-8.242500	-8.242500	-18484.401266	-18326.407595	-7.542500	-7.346250	-0.821377	-0.817255
-9.812500	-9.420000	-19025.001266	-18867.007595	-6.757500	-6.757500	-0.857631	-0.848750
-11.382500	-10.990000	-19440.001266	-19313.407595	-5.187500	-5.580000	-0.904678	-0.890793
-12.167500	-11.971250	-19729.401266	-19634.207595	-3.617500	-4.010000	-0.941521	-0.931168
-14.130000	-13.737500	-19956.001266	-19876.507595	-2.832500	-3.028750	-0.960112	-0.954322
-14.915000	-14.915000	-20025.601266	-19977.507595	-0.870000	-1.262500	-0.997445	-0.988466
-14.915000	-13.737500	-20032.401266	-19984.307595	-0.085000	-0.085000	-1.003084	-1.002642
-15.896250	-16.681250	-20039.201266	-20085.307595	-0.085000	-1.262500	-1.003084	-1.002642
-16.092500	-16.092500	-19967.501266	-19950.807595	0.896250	1.681250	-1.000000	-1.000000
-15.896250	-16.092500	-19880.101266	-19863.407595	1.092500	1.092500	-1.000000	-1.000000
-14.915000	-15.307500	-19808.401266	-19776.007595	0.896250	1.092500	-1.000000	-1.000000
-17.056790	-17.056790	-19815.201266	-19751.407595	-0.085000	0.307500	-1.000000	-1.000000
-14.507595	-15.302532	-19650.658056	-19586.864385	2.056790	2.056790	-1.000000	-1.000000
-16.281481	-16.087654	-19690.050461	-19562.661853	-0.492405	0.302532	-1.000000	-1.000000
-16.494937	-16.693671	-19587.531942	-19475.649508	1.281481	1.087654	-1.000000	-1.000000
-15.312346	-15.506173	-19467.937006	-19340.155837	1.494937	1.693671	-1.000000	-1.000000
-15.898734	-16.494937	-19442.949351	-19299.662010	0.312346	0.506173	-1.000000	-1.000000
-15.503750	-15.896250	-19371.050617	-19180.067073	0.898734	1.494937	-1.000000	-1.000000
-16.669136	-16.087654	-19330.750617	-19108.367073	0.503750	0.896250	-1.000000	-1.000000
-15.501266	-15.898734	-19197.219753	-19021.354727	1.669136	1.087654	-1.000000	-1.000000
-16.669136	-18.025926	-19157.118487	-18949.455993	0.501266	0.898734	-1.000000	-1.000000
-15.898734	-15.501266	-19023.587623	-18707.381919	1.669136	3.025926	-1.000000	-1.000000
-15.312346	-15.118519	-18951.688889	-18667.280653	0.898734	0.501266	-1.000000	-1.000000
-15.896250	-16.877500	-18926.701235	-18657.799172	0.312346	0.118519	-1.000000	-1.000000
-17.488608	-17.091139	-18855.001235	-18507.599172	0.896250	1.877500	-1.000000	-1.000000
-15.111250	-15.700000	-18655.912627	-18340.308033	2.488608	2.091139	-1.000000	-1.000000
-14.718750	-14.522500	-18647.012627	-18284.308033	0.111250	0.700000	-1.000000	-1.000000
-17.073750	-17.662500	-18669.512627	-18322.508033	-0.281250	-0.477500	-1.000000	-1.000000
-15.307500	-15.111250	-18503.612627	-18109.508033	2.073750	2.662500	-1.000000	-1.000000
-15.896250	-16.288750	-18479.012627	-18100.608033	0.307500	0.111250	-1.000000	-1.000000
-15.700000	-16.092500	-18407.312627	-17997.508033	0.896250	1.288750	-1.000000	-1.000000
-15.307500	-15.307500	-18351.312627	-17910.108033	0.700000	1.092500	-1.000000	-1.000000
-16.092500	-16.485000	-18326.712627	-17885.508033	0.307500	0.307500	-1.000000	-1.000000
-15.700000	-15.700000	-18239.312627	-17766.708033	1.092500	1.485000	-1.000000	-1.000000
-16.485000	-16.681250	-18183.312627	-17710.708033	0.700000	0.700000	-1.000000	-1.000000
-15.503750	-15.503750	-18064.512627	-17576.208033	1.485000	1.681250	-1.000000	-1.000000
-16.681250	-17.073750	-18024.212627	-17535.908033	0.503750	0.503750	-1.000000	-1.000000
-14.718750	-14.915000	-17889.712627	-17370.008033	1.681250	2.073750	-1.000000	-1.000000
-16.092500	-16.288750	-17912.212627	-17376.808033	-0.281250	-0.085000	-1.000000	-1.000000
-17.270000	-17.662500	-17824.812627	-17273.708033	1.092500	1.288750	-1.000000	-1.000000
-14.924691	-14.730864	-17643.212627	-17060.708033	2.270000	2.662500	-1.000000	-1.000000
-16.693671	-17.488608	-17649.237318	-17082.238897	-0.075309	-0.269136	-1.000000	-1.000000
-15.700000	-15.503750	-17513.743647	-16883.150289	1.693671	2.488608	-1.000000	-1.000000
-16.092500	-16.485000	-17457.743647	-16842.850289	0.700000	0.503750	-1.000000	-1.000000
-15.700000	-16.281481	-17370.343647	-16724.050289	1.092500	1.485000	-1.000000	-1.000000
-15.700000	-15.302532	-17314.343647	-16621.531771	0.700000	1.281481	-1.000000	-1.000000
-15.111250	-15.700000	-17258.343647	-16597.329239	0.700000	0.302532	-1.000000	-1.000000
-16.288750	-16.485000	-17249.443647	-16541.329239	0.111250	0.700000	-1.000000	-1.000000
-17.270000	-16.877500	-17146.343647	-16422.529239	1.288750	1.485000	-1.000000	-1.000000
-14.730864	-15.506173	-16964.743647	-16272.329239	2.270000	1.877500	-1.000000	-1.000000
-15.898734	-16.097468	-16986.274512	-16231.835412	-0.269136	0.506173	-1.000000	-1.000000
-16.288750	-16.681250	-16914.375777	-16144.037943	0.898734	1.097468	-1.000000	-1.000000
-15.503750	-15.307500	-16811.275777	-16009.537943	1.288750	1.681250	-1.000000	-1.000000
-16.092500	-17.073750	-16770.975777	-15984.937943	0.503750	0.307500	-1.000000	-1.000000
-15.700000	-15.503750	-16683.575777	-15819.037943	1.092500	2.073750	-1.000000	-1.000000
-16.092500	-16.485000	-16627.575777	-15778.737943	0.700000	0.503750	-1.000000	-1.000000
-15.307500	-15.307500	-16540.175777	-15659.937943	1.092500	1.485000	-1.000000	-1.000000
-16.288750	-16.485000	-16515.575777	-15635.337943	0.307500	0.307500	-1.000000	-1.000000
-16.681250	-17.466250	-16412.475777	-15516.537943	1.288750	1.485000	-1.000000	-1.000000
-15.700000	-15.700000	-16277.975777	-15319.237943	1.681250	2.466250	-1.000000	-1.000000
-14.915000	-14.915000	-16221.975777	-15263.237943	0.700000	0.700000	-1.000000	-1.000000
-16.092500	-15.896250	-16228.775777	-15270.037943	-0.085000	-0.085000	-1.000000	-1.000000
-18.055000	-18.447500	-16141.375777	-15198.337943	1.092500	0.896250	-1.000000	-1.000000
-15.700000	-15.896250	-15896.975777	-14922.537943	3.055000	3.447500	-1.000000	-1.000000
-14.522500	-15.111250	-15840.975777	-14850.837943	0.700000	0.896250	-1.000000	-1.000000
-15.506173	-15.506173	-15879.175777	-14841.937943	-0.477500	0.111250	-1.000000	-1.000000
-15.307500	-15.896250	-15838.681950	-14801.444116	0.506173	0.506173	-1.000000	-1.000000
-16.693671	-17.091139	-15814.081950	-14729.744116	0.307500	0.896250	-1.000000	-1.000000
-17.270000	-17.073750	-15678.588279	-14562.452977	1.693671	2.091139	-1.000000	-1.000000
-14.522500	-14.522500	-15496.988279	-14396.552977	2.270000	2.073750	-1.000000	-1.000000
-16.485000	-16.877500	-15535.188279	-14434.752977	-0.477500	-0.477500	-1.000000	-1.000000
-17.073750	-17.466250	-15416.388279	-14284.552977	1.485000	1.877500	-1.000000	-1.000000
-14.130000	-14.326250	-15250.488279	-14087.252977	2.073750	2.466250	-1.000000	-1.000000
-17.073750	-16.877500	-15320.088279	-14141.152977	-0.870000	-0.673750	-1.000000	-1.000000
-16.877500	-18.840000	-15154.188279	-13990.952977	2.073750	1.877500	-1.000000	-1.000000
-13.737500	-12.756250	-15003.988279	-13683.752977	1.877500	3.840000	-1.000000	-1.000000
-15.307500	-15.700000	-15104.988279	-13863.252977	-1.262500	-2.243750	-1.000000	-1.000000
-16.092500	-15.700000	-15080.388279	-13807.252977	0.307500	0.700000	-1.000000	-1.000000
-15.700000	-16.288750	-14992.988279	-13751.252977	1.092500	0.700000	-1.000000	-1.000000
-16.092500	-15.896250	-14936.988279	-13648.152977	0.700000	1.288750	-1.000000	-1.000000
-16.281481	-17.250617	-14849.588279	-13576.452977	1.092500	0.896250	-1.000000	-1.000000
-15.898734	-15.898734	-14747.069761	-13396.403594	1.281481	2.250617	-1.000000	-1.000000
-15.896250	-16.092500	-14675.171027	-13324.504860	0.898734	0.898734	-1.000000	-1.000000
-15.896250	-15.700000	-14603.471027	-13237.104860	0.896250	1.092500	-1.000000	-1.000000
-16.092500	-16.288750	-14531.771027	-13181.104860	0.896250	0.700000	-1.000000	-1.000000
-16.485000	-16.877500	-14444.371027	-13078.004860	1.092500	1.288750	-1.000000	-1.000000
-14.915000	-15.503750	-14325.571027	-12927.804860	1.485000	1.877500	-1.000000	-1.000000
-16.877500	-16.877500	-14332.371027	-12887.504860	-0.085000	0.503750	-1.000000	-1.000000
-16.092500	-16.485000	-14182.171027	-12737.304860	1.877500	1.877500	-1.000000	-1.000000
-15.700000	-15.700000	-14094.771027	-12618.504860	1.092500	1.485000	-1.000000	-1.000000
-15.893827	-16.862963	-14038.771027	-12562.504860	0.700000	0.700000	-1.000000	-1.000000
-15.501266	-15.103797	-13967.264854	-12413.467823	0.893827	1.862963	-1.000000	-1.000000
-15.111250	-14.915000	-13927.163588	-12405.164026	0.501266	0.103797	-1.000000	-1.000000
-16.092500	-16.485000	-13918.263588	-12411.964026	0.111250	-0.085000	-1.000000	-1.000000
-16.681250	-17.073750	-13830.863588	-12293.164026	1.092500	1.485000	-1.000000	-1.000000
-14.915000	-14.915000	-13696.363588	-12127.264026	1.681250	2.073750	-1.000000	-1.000000
-15.893827	-16.669136	-13703.163588	-12134.064026	-0.085000	-0.085000	-1.000000	-1.000000
-15.898734	-15.898734	-13631.657415	-12000.533161	0.893827	1.669136	-1.000000	-1.000000
-16.877500	-16.877500	-13559.758681	-11928.634427	0.898734	0.898734	-1.000000	-1.000000
-15.893827	-16.862963	-13409.558681	-11778.434427	1.877500	1.877500	-1.000000	-1.000000
-15.898734	-16.296203	-13338.052508	-11629.397390	0.893827	1.862963	-1.000000	-1.000000
-15.700000	-15.503750	-13266.153774	-11525.701188	0.898734	1.296203	-1.000000	-1.000000
-15.503750	-15.111250	-13210.153774	-11485.401188	0.700000	0.503750	-1.000000	-1.000000
-16.681250	-17.073750	-13169.853774	-11476.501188	0.503750	0.111250	-1.000000	-1.000000
-14.718750	-14.522500	-13035.353774	-11310.601188	1.681250	2.073750	-1.000000	-1.000000
-16.087654	-16.669136	-13057.853774	-11348.801188	-0.281250	-0.477500	-1.000000	-1.000000
-16.485000	-16.681250	-12970.841428	-11215.270323	1.087654	1.669136	-1.000000	-1.000000
-15.103797	-15.302532	-12852.041428	-11080.770323	1.485000	1.681250	-1.000000	-1.000000
-16.087654	-17.056790	-12843.737631	-11056.567792	0.103797	0.302532	-1.000000	-1.000000
-15.700000	-15.700000	-12756.725285	-10892.024582	1.087654	2.056790	-1.000000	-1.000000
-16.097468	-16.296203	-12700.725285	-10836.024582	0.700000	0.700000	-1.000000	-1.000000
-16.485000	-16.288750	-12612.927817	-10732.328379	1.097468	1.296203	-1.000000	-1.000000
-16.485000	-16.681250	-12494.127817	-10629.228379	1.485000	1.288750	-1.000000	-1.000000
-15.111250	-15.700000	-12375.327817	-10494.728379	1.485000	1.681250	-1.000000	-1.000000
-16.485000	-16.485000	-12366.427817	-10438.728379	0.111250	0.700000	-1.000000	-1.000000
-15.111250	-16.092500	-12247.627817	-10319.928379	1.485000	1.485000	-1.000000	-1.000000
-17.073750	-17.073750	-12238.727817	-10232.528379	0.111250	1.092500	-1.000000	-1.000000
-16.092500	-15.700000	-12072.827817	-10066.628379	2.073750	2.073750	-1.000000	-1.000000
-14.718750	-15.307500	-11985.427817	-10010.628379	1.092500	0.700000	-1.000000	-1.000000
-15.700000	-15.503750	-12007.927817	-9986.028379	-0.281250	0.307500	-1.000000	-1.000000
-16.092500	-16.092500	-11951.927817	-9945.728379	0.700000	0.503750	-1.000000	-1.000000
-17.444444	-17.832099	-11864.527817	-9858.328379	1.092500	1.092500	-1.000000	-1.000000
-13.712658	-13.513924	-11668.972261	-9631.760478	2.444444	2.832099	-1.000000	-1.000000
